timestamp,happy,sad,calm,anxious,energetic
2025-04-15T00:00:00,3,4,2,4,4
2025-04-23T23:10:20.689655,2,4,3,1,3
2025-05-02T22:20:41.379310,3,5,3,2,5
2025-05-11T21:31:02.068966,2,4,4,3,3
2025-05-20T20:41:22.758621,5,4,1,1,1
2025-05-29T19:51:43.448276,1,4,4,1,1
2025-06-07T19:02:04.137931,2,5,1,1,4
2025-06-16T18:12:24.827586,1,1,3,3,2
2025-06-25T17:22:45.517241,5,3,2,4,3
2025-07-04T16:33:06.206897,4,2,2,4,5
2025-07-13T15:43:26.896552,2,2,2,1,1
2025-07-22T14:53:47.586207,5,4,1,4,3
2025-07-31T14:04:08.275862,5,3,1,5,3
2025-08-09T13:14:28.965517,1,2,3,3,3
2025-08-18T12:24:49.655172,1,4,4,3,3
2025-08-27T11:35:10.344828,3,1,4,5,5
2025-09-05T10:45:31.034483,5,4,1,3,5
2025-09-14T09:55:51.724138,4,3,4,2,2
2025-09-23T09:06:12.413793,3,3,3,2,4
2025-10-02T08:16:33.103448,1,5,5,5,2
2025-10-11T07:26:53.793103,3,2,4,1,4
2025-10-20T06:37:14.482759,5,4,2,1,5
2025-10-29T05:47:35.172414,3,1,1,4,3
2025-11-07T04:57:55.862069,4,2,4,1,4
2025-11-16T04:08:16.551724,5,2,4,5,2
2025-11-25T03:18:37.241379,5,1,5,5,4
2025-12-04T02:28:57.931034,4,4,4,2,5
2025-12-13T01:39:18.620690,4,2,5,2,2
2025-12-22T00:49:39.310345,4,5,4,5,4
2025-12-31T00:00:00,2,5,2,2,5
